# SDSS-like Void Catalog (synthetic based on published statistics)
# Reference: Sutter et al. 2012, Mao et al. 2017
# RA DEC z R_eff[Mpc/h] delta_c
145.8695 35.2945 0.1897 13.93 -0.583
240.2584 15.0222 0.1389 18.14 -0.538
184.7035 42.3474 0.2018 15.95 -0.510
113.0999 8.5615 0.2718 13.48 -0.807
109.9537 -8.8495 0.1313 19.93 -0.547
156.8205 51.1483 0.1313 17.96 -0.769
233.4325 39.8994 0.2763 16.61 -0.855
220.3058 50.9842 0.2114 13.89 -0.552
234.0645 -6.8850 0.1124 23.46 -0.646
187.9357 56.9696 0.1934 45.72 -0.834
174.8338 39.5621 0.1129 21.45 -0.728
125.0669 35.0716 0.1127 32.91 -0.785
155.7928 39.9691 0.1694 9.98 -0.605
173.7833 59.1547 0.0120 21.64 -0.719
115.0621 36.9549 0.1050 11.55 -0.504
137.5040 36.4760 0.0690 9.56 -0.878
201.6983 69.2543 0.1751 13.82 -0.758
225.0627 50.5384 0.0774 36.30 -0.707
269.7191 25.3835 0.0370 32.16 -0.699
258.6293 46.5918 0.2673 22.58 -0.774
209.2361 21.1384 0.1319 9.29 -0.608
171.6122 8.3100 0.1554 18.13 -0.550
208.1502 37.7482 0.0360 23.26 -0.525
233.5608 64.2546 0.1064 21.83 -0.578
120.1172 64.3312 0.1589 7.96 -0.560
169.6838 17.3524 0.0579 12.81 -0.680
242.7664 32.2142 0.1801 19.37 -0.570
165.2516 6.9309 0.1019 26.15 -0.779
197.2183 69.6505 0.1267 6.67 -0.741
199.9208 68.4894 0.1019 18.44 -0.773
131.3610 41.9607 0.2982 21.48 -0.713
161.5800 54.3531 0.1489 30.59 -0.786
156.8669 47.2080 0.0654 28.28 -0.515
104.4534 37.4527 0.2158 26.76 -0.775
104.1126 -5.7322 0.0523 13.41 -0.861
241.3885 26.3811 0.1667 7.70 -0.689
146.4220 43.9829 0.0437 16.43 -0.877
188.0734 44.2025 0.1657 33.00 -0.856
150.7833 19.8498 0.2091 40.14 -0.812
259.9155 65.3354 0.1637 28.53 -0.714
144.0804 3.3886 0.1407 24.79 -0.727
173.0417 30.0288 0.1259 24.18 -0.580
248.3641 45.2707 0.0317 15.15 -0.604
243.1287 45.7709 0.0924 18.74 -0.729
131.6372 41.8911 0.1131 46.07 -0.767
236.4494 12.0231 0.2346 12.48 -0.773
177.8918 2.4965 0.1775 44.84 -0.590
182.1047 40.8752 0.1759 17.03 -0.879
122.6916 37.9442 0.1192 38.80 -0.895
113.7023 4.3485 0.0958 9.90 -0.582
223.7497 46.4111 0.1989 26.81 -0.709
184.3984 26.4138 0.2325 13.84 -0.848
174.2646 43.4208 0.2245 9.86 -0.806
224.0164 56.9894 0.0829 22.31 -0.527
230.1372 3.5783 0.1253 33.13 -0.556
127.0144 -8.4684 0.1765 13.11 -0.616
203.7383 52.3282 0.2280 9.45 -0.707
123.0102 38.7758 0.1117 19.10 -0.692
227.7338 45.9712 0.1351 19.14 -0.510
211.6824 57.0524 0.0615 26.31 -0.514
262.6245 54.2249 0.0543 32.15 -0.814
111.7229 66.8736 0.2150 19.41 -0.576
109.6993 32.8748 0.2585 50.58 -0.821
147.9718 29.0797 0.1442 22.37 -0.815
144.4900 22.1510 0.2303 16.82 -0.630
141.9864 2.2953 0.1789 8.93 -0.738
254.0633 35.8086 0.0984 17.54 -0.527
142.4229 12.1610 0.1789 16.90 -0.864
146.2315 63.7046 0.2730 32.33 -0.695
229.0977 36.6553 0.1471 25.20 -0.533
176.4558 37.4272 0.2752 11.09 -0.538
232.0408 18.3940 0.0596 21.80 -0.837
111.1122 -5.8409 0.2158 27.98 -0.753
182.8871 -7.4605 0.1570 42.94 -0.652
105.7143 23.8668 0.1261 31.17 -0.836
110.6510 -3.2348 0.1573 29.26 -0.513
254.0944 38.5478 0.1324 20.61 -0.534
123.6717 60.4778 0.1786 24.29 -0.833
190.5115 60.6332 0.2682 37.36 -0.852
169.8863 42.7236 0.1085 10.27 -0.866
159.0484 6.8985 0.0853 16.79 -0.536
252.9717 59.0397 0.1099 13.59 -0.823
103.7100 60.8875 0.2232 24.17 -0.733
212.8442 5.7323 0.1763 37.00 -0.720
263.7771 48.9941 0.1076 14.84 -0.660
195.2286 12.9216 0.1911 6.05 -0.871
259.2598 54.2112 0.1578 16.27 -0.809
108.8838 69.7790 0.2275 31.58 -0.527
171.1949 -7.5979 0.0938 26.17 -0.537
144.2268 61.7893 0.1238 24.77 -0.587
224.2396 39.8104 0.1186 17.39 -0.892
266.8205 67.8706 0.0329 10.55 -0.769
143.6101 27.2008 0.1737 25.88 -0.649
211.2097 57.7910 0.1709 13.18 -0.790
133.6766 -5.0085 0.1504 59.61 -0.536
196.1061 16.8223 0.1312 26.60 -0.646
178.8685 -4.6387 0.0368 14.96 -0.871
265.2409 68.0275 0.1163 14.73 -0.536
203.4496 55.3579 0.1226 19.09 -0.517
159.4161 58.2038 0.0858 17.74 -0.869
119.3963 65.0372 0.1371 34.96 -0.687
125.7120 -3.1917 0.1823 21.95 -0.779
138.3039 20.8478 0.3009 13.87 -0.743
142.6643 -4.3172 0.1640 51.47 -0.828
244.6047 6.8634 0.1706 20.50 -0.669
195.4079 8.3493 0.1440 29.38 -0.517
188.9765 27.5286 0.1479 14.76 -0.699
119.5107 11.4850 0.1548 23.98 -0.867
246.2237 -1.9218 0.3471 23.37 -0.652
222.8784 3.3993 0.1346 7.77 -0.764
111.5036 1.7820 0.1741 54.78 -0.558
220.3320 67.8461 0.1472 38.13 -0.726
192.4015 50.7434 0.0565 16.40 -0.823
113.8933 67.4209 0.2414 11.53 -0.824
177.9111 25.1792 0.2102 23.80 -0.592
182.3984 12.2695 0.2133 20.89 -0.794
128.1817 53.8635 0.0772 23.89 -0.593
260.7687 16.1003 0.2622 22.01 -0.818
244.4958 13.9507 0.0379 25.76 -0.771
213.7338 8.6005 0.1969 41.24 -0.714
178.5902 0.3743 0.3252 26.57 -0.523
170.0001 10.5170 0.0708 11.83 -0.527
210.6655 18.4256 0.1047 39.53 -0.817
192.7234 43.9195 0.1580 45.42 -0.757
110.5864 -4.9948 0.1097 96.71 -0.840
187.1255 6.8406 0.0259 11.40 -0.696
237.0886 54.7219 0.1555 22.58 -0.716
178.0708 1.7538 0.0650 7.06 -0.540
108.8326 17.4116 0.1879 26.37 -0.528
233.6673 59.1727 0.0764 15.21 -0.747
134.2318 2.3940 0.2740 52.32 -0.703
143.9655 -3.3811 0.0873 13.58 -0.542
128.0001 28.7630 0.1242 8.59 -0.577
156.1366 14.1936 0.2151 15.80 -0.899
228.6478 35.0727 0.0515 7.45 -0.772
188.2956 54.3044 0.1682 29.12 -0.731
134.8298 0.9719 0.2546 7.12 -0.808
249.2311 36.4559 0.0214 20.29 -0.820
249.5289 30.4407 0.1648 7.08 -0.885
247.9983 1.5263 0.1708 17.04 -0.643
140.5954 39.9199 0.2125 45.49 -0.795
176.7107 11.8912 0.0510 23.95 -0.879
267.4482 29.0267 0.0444 12.99 -0.808
231.2421 -3.4182 0.1918 19.69 -0.579
104.6185 26.7667 0.1738 20.18 -0.559
111.0848 14.5171 0.1700 25.33 -0.707
178.8683 55.7905 0.1777 10.10 -0.734
254.5674 -5.4417 0.0956 26.90 -0.509
191.5793 23.4886 0.1686 5.17 -0.820
184.6281 26.6745 0.1734 14.60 -0.814
117.9305 48.0005 0.0929 15.67 -0.783
211.6526 35.9430 0.2993 27.45 -0.831
239.7575 43.3770 0.1879 20.23 -0.748
164.6714 52.1639 0.0547 9.90 -0.536
231.8540 58.9762 0.2025 12.22 -0.654
263.9610 15.1100 0.0720 22.09 -0.735
134.6403 33.0418 0.2130 19.22 -0.526
188.9660 57.2086 0.2427 14.97 -0.881
148.8135 69.1561 0.0843 15.73 -0.816
234.7853 61.1615 0.2271 28.33 -0.674
198.1909 19.7174 0.1830 15.44 -0.654
207.8790 5.6133 0.2158 19.14 -0.884
235.6454 29.1514 0.3017 59.19 -0.739
167.3150 49.3313 0.1304 9.81 -0.640
255.5653 29.4055 0.0897 7.92 -0.621
190.6149 28.6545 0.0788 29.59 -0.645
126.8523 57.0584 0.0847 14.25 -0.772
218.3029 18.9123 0.1438 17.06 -0.863
234.8544 58.7836 0.1773 13.53 -0.729
153.8495 22.5444 0.1721 17.56 -0.848
245.7205 16.2586 0.2162 44.48 -0.521
254.0444 26.3192 0.1510 29.87 -0.710
147.0738 50.9958 0.2663 30.78 -0.773
267.1987 0.0802 0.1288 9.85 -0.593
123.9210 5.7135 0.3676 11.25 -0.701
134.3427 66.1156 0.2001 5.00 -0.776
131.3182 4.0393 0.0814 13.34 -0.575
251.9783 35.4182 0.0643 32.27 -0.553
211.2297 36.3452 0.1886 25.90 -0.631
125.8577 29.1700 0.1321 17.90 -0.881
174.8550 41.5796 0.2071 19.78 -0.673
204.6007 8.3861 0.1879 14.17 -0.595
114.1889 34.2130 0.1442 22.16 -0.845
250.0108 19.7739 0.0823 29.33 -0.809
236.6126 42.9334 0.0288 8.92 -0.547
185.8852 1.2979 0.1143 23.23 -0.892
264.4115 35.6702 0.2185 31.88 -0.599
171.0194 4.8216 0.1671 16.25 -0.710
267.2988 12.2914 0.0503 28.39 -0.721
213.5464 7.4968 0.1639 81.70 -0.897
207.8941 4.6270 0.1808 18.98 -0.572
128.2123 56.0569 0.0793 24.35 -0.756
249.9277 12.8566 0.1623 13.83 -0.684
172.6732 64.1699 0.1547 21.90 -0.629
127.5797 67.5941 0.0586 25.18 -0.619
102.1433 35.7008 0.1786 22.05 -0.518
195.1585 1.4401 0.1949 12.01 -0.687
189.6579 19.9639 0.2366 22.17 -0.740
222.2901 53.8186 0.2343 41.55 -0.519
251.3439 19.3913 0.0398 25.03 -0.643
113.4991 -3.0386 0.0750 32.35 -0.781
224.3544 34.5428 0.1912 17.76 -0.849
131.8600 57.6097 0.1911 29.10 -0.563
245.8901 53.6741 0.1912 23.00 -0.755
239.2408 4.0099 0.4582 12.43 -0.636
191.9349 43.8212 0.1957 23.45 -0.712
220.7413 7.6403 0.2408 12.18 -0.820
153.4395 7.4566 0.2263 14.57 -0.659
180.0985 59.9257 0.2021 21.99 -0.876
239.6783 9.9735 0.1248 23.20 -0.735
178.0751 11.0598 0.2107 11.04 -0.681
160.8257 -9.9477 0.0882 33.88 -0.726
184.0161 59.6535 0.1311 26.62 -0.601
240.8024 53.4076 0.1112 14.06 -0.569
156.9854 40.1863 0.1565 9.27 -0.592
129.5395 50.0213 0.3352 18.60 -0.884
221.0424 2.1639 0.2049 16.00 -0.822
240.4163 26.6659 0.0210 21.16 -0.685
117.1084 18.0976 0.1122 16.68 -0.526
140.7786 -2.4979 0.2371 7.33 -0.566
124.1352 28.8904 0.1551 16.47 -0.563
159.1500 63.6592 0.0638 17.17 -0.779
176.5597 -6.7953 0.0928 27.46 -0.728
227.3005 13.3169 0.2044 14.11 -0.712
210.6951 6.6033 0.0916 46.30 -0.837
205.5579 9.0517 0.1673 7.69 -0.888
159.9037 62.6748 0.1536 38.53 -0.521
243.0461 27.4455 0.0979 17.88 -0.804
180.1188 27.3040 0.3215 30.74 -0.804
266.4478 50.8461 0.2007 20.81 -0.867
207.8042 2.3594 0.0120 35.36 -0.529
121.4650 28.9812 0.1649 16.48 -0.668
214.9502 24.3988 0.0971 11.55 -0.633
155.2677 37.7529 0.2182 40.69 -0.535
216.6756 69.9646 0.0866 18.90 -0.762
111.8390 51.5559 0.1408 22.34 -0.651
129.7298 21.8293 0.1904 37.08 -0.884
245.4753 56.2042 0.2193 11.94 -0.825
138.6205 3.6567 0.0540 26.94 -0.568
242.2970 -7.5629 0.1232 14.89 -0.593
147.4769 6.3559 0.1120 18.72 -0.760
209.2899 17.2329 0.0977 20.74 -0.749
218.0056 30.8465 0.2912 9.45 -0.687
187.1513 39.2103 0.1824 13.55 -0.900
151.9028 62.8485 0.0491 39.30 -0.804
136.1495 30.7883 0.2234 31.15 -0.817
105.6422 30.1021 0.3198 19.38 -0.800
151.6709 -5.9806 0.2326 22.59 -0.578
211.0377 -7.2071 0.0285 17.26 -0.788
259.5118 34.0928 0.1113 39.41 -0.823
248.1048 25.0543 0.2514 18.09 -0.698
230.2310 57.1344 0.0934 22.46 -0.554
234.0360 2.8544 0.1855 35.47 -0.803
213.0474 -8.0023 0.2120 13.56 -0.869
144.2488 25.9231 0.0758 43.60 -0.757
254.2232 8.9983 0.1452 9.30 -0.601
214.0245 -6.0309 0.1093 45.18 -0.680
195.2749 47.9679 0.0680 16.60 -0.573
118.8682 -1.0726 0.1298 17.71 -0.516
175.9994 38.6656 0.0502 7.77 -0.583
178.2609 12.4840 0.2806 15.93 -0.658
246.9758 3.8797 0.0356 11.89 -0.703
192.9302 20.3801 0.1148 14.76 -0.884
164.6681 54.1157 0.1605 18.67 -0.506
266.0561 21.3675 0.2653 32.29 -0.747
118.8225 50.0616 0.0351 22.19 -0.839
171.8332 0.0389 0.2431 23.33 -0.633
107.1442 51.8217 0.1508 11.56 -0.786
225.7837 8.9547 0.0715 12.88 -0.666
256.0730 44.1915 0.1870 49.16 -0.665
147.6063 35.2625 0.1659 13.85 -0.722
245.9181 64.3316 0.1020 45.78 -0.566
149.6771 20.9858 0.1556 17.71 -0.794
254.8309 -4.7068 0.1192 20.02 -0.721
228.1735 -8.4676 0.1591 34.16 -0.685
236.8342 56.1487 0.2030 37.78 -0.635
103.0611 31.9789 0.2769 18.92 -0.586
263.6778 52.0195 0.0510 16.47 -0.742
223.5341 8.7540 0.3206 19.45 -0.642
151.8077 17.6067 0.1379 23.68 -0.840
240.9971 -7.5917 0.1971 31.23 -0.527
147.8586 66.9194 0.1725 20.04 -0.747
248.3682 43.4294 0.1002 27.25 -0.608
119.1387 64.6564 0.1334 45.37 -0.892
219.6266 11.2397 0.1106 24.20 -0.818
191.9187 38.9171 0.1029 23.37 -0.705
116.4109 44.2800 0.2180 9.36 -0.549
141.1220 15.4040 0.1786 5.37 -0.689
102.1087 57.8487 0.0946 24.29 -0.528
179.6906 65.7729 0.2220 19.07 -0.706
151.2151 60.7884 0.1746 15.46 -0.704
201.7208 49.1254 0.2150 22.59 -0.852
150.5304 12.1972 0.2004 19.40 -0.579
150.9862 12.5293 0.0837 35.15 -0.801
226.3428 67.0688 0.1052 20.88 -0.540
108.1843 -9.1772 0.2098 13.77 -0.536
253.4921 47.2840 0.1988 32.81 -0.523
244.8849 46.4997 0.1483 17.94 -0.692
213.5268 39.8152 0.1594 26.02 -0.629
200.8477 69.2087 0.2522 15.75 -0.589
251.6914 14.9504 0.1027 14.45 -0.848
131.5061 17.1977 0.1938 20.86 -0.660
113.4248 -3.6848 0.1338 20.13 -0.886
140.7167 25.4239 0.1326 25.42 -0.701
235.0783 10.8839 0.2379 17.49 -0.838
105.8939 17.4709 0.2160 7.98 -0.827
199.0772 56.7657 0.2151 16.11 -0.754
269.2244 64.8388 0.2544 29.74 -0.727
245.4683 4.8586 0.1517 17.24 -0.651
188.6458 19.8007 0.2046 17.68 -0.870
110.8190 64.2904 0.1252 32.75 -0.699
241.3335 -5.0553 0.1759 14.01 -0.827
201.8263 -2.6112 0.1396 9.25 -0.670
119.5386 3.0233 0.1578 18.46 -0.645
115.9557 37.6170 0.1976 15.70 -0.677
254.6366 2.0378 0.0845 12.34 -0.605
213.7640 67.4461 0.3174 18.32 -0.766
240.9788 25.7372 0.0695 25.57 -0.594
249.4264 30.1214 0.0529 19.91 -0.727
197.2013 9.7327 0.2426 23.32 -0.706
187.9659 27.6768 0.2133 49.52 -0.641
173.1727 42.9531 0.1999 16.85 -0.893
153.8809 50.0942 0.2003 22.99 -0.638
173.8813 50.3094 0.1490 15.50 -0.653
231.5595 36.2313 0.0782 13.10 -0.776
202.3270 62.3488 0.1561 14.93 -0.866
251.7290 55.3926 0.0958 15.74 -0.864
175.3746 50.5638 0.2280 23.94 -0.531
203.2052 -5.5516 0.1382 64.73 -0.624
207.3223 -9.4498 0.0840 13.98 -0.849
200.5885 6.9958 0.1243 16.24 -0.757
219.4477 43.0819 0.1830 19.38 -0.663
140.3637 22.8958 0.1049 24.38 -0.566
187.1018 22.1925 0.0842 22.82 -0.883
117.7182 60.7670 0.1695 38.01 -0.805
165.3669 61.6450 0.1696 5.94 -0.544
182.9034 62.7340 0.1094 6.06 -0.896
210.8781 15.1102 0.1123 15.61 -0.819
261.5903 45.2845 0.1686 34.62 -0.516
202.1107 11.7307 0.0342 9.14 -0.655
226.4110 5.2488 0.0374 5.00 -0.795
186.0652 4.7706 0.0925 26.61 -0.873
207.7977 17.3686 0.1329 22.59 -0.889
112.0585 24.3966 0.1749 11.60 -0.802
143.2466 56.4759 0.2680 12.22 -0.547
161.5150 -0.4087 0.2186 12.32 -0.734
180.3239 48.7941 0.1372 21.14 -0.612
107.7603 32.5164 0.1485 14.62 -0.533
123.8041 13.0356 0.0698 25.60 -0.737
147.0584 29.4256 0.1485 5.00 -0.823
265.1606 13.9954 0.1269 13.03 -0.693
156.3290 37.6866 0.1758 11.39 -0.537
181.9470 24.7075 0.0838 17.59 -0.578
133.3366 3.1524 0.1915 15.28 -0.874
203.8326 -0.6734 0.2726 29.80 -0.623
147.7161 33.7357 0.1413 7.89 -0.671
135.1887 62.1930 0.1821 20.46 -0.537
187.8173 17.5166 0.2052 26.44 -0.851
100.9360 48.6400 0.1179 50.61 -0.686
101.3029 42.6929 0.1679 15.72 -0.548
137.2417 64.5244 0.1510 23.52 -0.736
106.2426 55.6785 0.1578 8.12 -0.707
118.3644 35.3284 0.0882 6.05 -0.872
157.6063 42.5624 0.1520 30.51 -0.789
236.4396 61.8709 0.1898 19.94 -0.770
197.2483 21.9615 0.2661 36.05 -0.522
187.1535 16.1436 0.2267 10.06 -0.787
149.8931 -9.1351 0.3223 25.94 -0.716
258.3981 56.1241 0.0886 50.91 -0.631
167.4926 54.0785 0.2198 24.67 -0.835
114.8058 -1.6436 0.1647 22.97 -0.705
204.9013 36.1486 0.3252 20.09 -0.605
119.3525 27.1185 0.0853 9.12 -0.553
158.6879 -0.5033 0.0828 39.39 -0.649
186.2600 68.4455 0.1020 14.74 -0.632
248.6178 7.1757 0.0199 25.74 -0.849
183.9029 -4.6213 0.1079 9.15 -0.522
219.3840 37.5878 0.0893 11.09 -0.847
268.7789 49.1093 0.1620 40.99 -0.590
122.3532 -7.4045 0.1773 16.81 -0.794
146.7044 42.6974 0.3001 41.36 -0.527
167.0779 32.5834 0.2260 19.23 -0.612
171.7108 -1.7388 0.1038 7.96 -0.598
169.8736 3.8019 0.0781 31.24 -0.812
254.2939 35.4379 0.1894 14.89 -0.723
221.3855 13.7086 0.0444 28.36 -0.653
203.3439 65.0653 0.2965 20.25 -0.592
152.5934 55.4992 0.2444 9.25 -0.858
240.0444 68.6854 0.1125 21.71 -0.515
262.3603 10.7737 0.0129 59.97 -0.544
239.6037 67.5779 0.2583 25.59 -0.792
100.2661 24.4987 0.1408 19.43 -0.571
208.1882 17.8015 0.2490 34.24 -0.693
108.6930 -5.9720 0.0224 22.22 -0.715
143.7932 -5.7788 0.1020 22.21 -0.774
110.1192 45.3609 0.1504 11.59 -0.668
202.6452 26.6343 0.1538 22.48 -0.608
216.7203 8.1217 0.1140 33.56 -0.736
119.4629 39.1176 0.1998 13.17 -0.648
165.2526 10.2286 0.0646 40.77 -0.620
177.5602 36.2105 0.1386 19.10 -0.616
162.7390 18.7367 0.1596 12.83 -0.879
120.5743 55.8842 0.1912 32.94 -0.556
171.2211 55.6557 0.2069 17.33 -0.717
227.7003 28.1880 0.0600 29.24 -0.795
112.0713 18.0655 0.0273 17.29 -0.803
113.6306 19.0048 0.2522 19.41 -0.707
160.3111 54.4572 0.1766 25.60 -0.545
260.0934 16.2544 0.0901 23.13 -0.749
213.6573 6.7247 0.2741 7.37 -0.600
215.3739 -3.2249 0.1593 11.42 -0.861
161.5264 27.3354 0.2443 31.83 -0.710
200.9223 28.5706 0.1554 18.72 -0.503
101.7223 57.2727 0.3149 15.39 -0.592
208.1363 7.6991 0.2904 10.14 -0.816
255.2588 20.4793 0.1301 11.66 -0.699
204.1375 54.6725 0.2277 7.28 -0.807
248.5288 55.8899 0.2016 19.01 -0.736
223.0754 20.7689 0.2595 14.83 -0.588
120.4949 26.7299 0.0728 12.33 -0.592
253.4171 14.2629 0.2049 19.33 -0.809
111.2955 64.6044 0.2347 23.99 -0.531
190.7745 -0.5085 0.0553 56.96 -0.663
124.1633 64.7000 0.0131 9.39 -0.748
101.9901 44.7093 0.1284 35.71 -0.699
171.7458 32.5258 0.2074 32.53 -0.658
150.1569 -7.3873 0.2702 13.55 -0.676
182.6201 28.0477 0.1559 22.14 -0.705
198.1240 22.6198 0.2803 15.91 -0.698
107.4356 2.8975 0.0396 21.95 -0.829
120.9106 42.5128 0.0137 42.53 -0.575
194.9692 67.6921 0.1456 27.07 -0.683
158.3385 34.9751 0.1807 25.79 -0.848
223.9595 47.1803 0.1474 16.13 -0.594
210.8896 -4.5240 0.0154 9.52 -0.527
243.7527 23.4134 0.1429 18.02 -0.521
217.7238 -0.6913 0.0456 36.56 -0.752
173.0883 39.0237 0.2036 9.32 -0.846
214.4043 65.0786 0.1793 11.80 -0.693
146.8148 42.9422 0.0748 21.30 -0.855
152.0733 -3.8558 0.1089 12.22 -0.526
234.1275 18.3733 0.0653 13.46 -0.827
175.8913 34.0531 0.1450 16.18 -0.799
235.7247 22.2566 0.2264 10.10 -0.737
239.8118 56.6915 0.0711 12.29 -0.747
245.7856 55.1737 0.1903 28.43 -0.582
255.8280 38.9465 0.1076 10.40 -0.717
173.2675 19.8766 0.0866 9.00 -0.832
154.2074 10.4269 0.1414 14.60 -0.793
198.9738 -1.5301 0.0672 28.84 -0.696
163.0993 18.3918 0.1057 18.12 -0.841
202.1826 23.0538 0.0542 15.85 -0.655
219.9496 44.0658 0.3072 20.45 -0.674
217.0289 42.6528 0.1528 8.36 -0.614
163.6740 -4.3913 0.0940 25.61 -0.525
128.3662 21.6207 0.1671 24.23 -0.535
173.1900 4.5423 0.1410 16.30 -0.522
124.2410 2.5450 0.1323 33.07 -0.802
251.3165 56.1842 0.1991 11.38 -0.847
158.7992 -6.6468 0.2106 35.15 -0.779
126.2582 23.5346 0.1076 21.61 -0.542
104.3261 3.4563 0.1039 16.90 -0.511
209.7898 60.3464 0.1280 19.80 -0.556
208.2734 34.5632 0.0342 18.96 -0.856
157.9027 8.5105 0.0288 36.81 -0.521
112.1910 30.1942 0.2593 11.67 -0.731
169.6369 48.5189 0.2816 13.66 -0.896
152.9070 66.6494 0.1301 33.58 -0.723
215.1105 7.6357 0.1961 14.85 -0.882
202.9825 60.8945 0.1749 31.37 -0.682
161.9809 64.7443 0.3963 46.78 -0.765
137.0417 63.3136 0.2396 16.36 -0.711
267.9661 40.8331 0.1398 28.12 -0.655
177.1803 40.3857 0.0736 11.23 -0.552
217.0066 22.2569 0.0215 29.17 -0.635
123.8940 50.1918 0.1663 22.10 -0.726
182.5502 32.5035 0.0895 25.34 -0.572
104.6812 44.1950 0.0362 14.48 -0.538
185.9274 24.2766 0.0983 8.72 -0.852
263.8830 48.5197 0.0635 25.72 -0.687
165.3151 55.9577 0.2850 7.13 -0.786
106.6293 1.7149 0.2205 17.07 -0.881
105.2625 56.6344 0.1494 32.02 -0.633
165.9577 33.2237 0.2684 22.01 -0.555
127.2042 57.5733 0.1562 52.98 -0.835
103.9699 24.5041 0.0811 33.39 -0.575
228.5563 20.3232 0.2718 14.42 -0.559
177.9489 63.2049 0.1931 20.28 -0.534
149.1716 10.0935 0.0670 19.53 -0.794
253.0141 57.5370 0.1348 9.07 -0.538
119.7436 28.7216 0.0800 12.50 -0.772
262.5062 31.1276 0.0394 15.11 -0.679
153.3743 14.6775 0.2241 7.23 -0.880
251.0286 35.8434 0.3028 20.48 -0.882
202.5003 16.0169 0.0381 17.66 -0.612
240.5403 -6.8584 0.1950 8.66 -0.722
267.2822 11.7599 0.0979 24.48 -0.797
149.0289 -9.4897 0.1110 28.61 -0.824
263.3930 68.2684 0.1026 22.40 -0.632
166.2119 67.2598 0.0809 17.01 -0.900
165.5370 21.6124 0.1539 26.88 -0.578
157.8658 48.2697 0.0835 28.10 -0.868
192.0393 17.6645 0.1716 23.32 -0.823
126.2047 43.6875 0.1460 13.24 -0.746
194.1310 54.4344 0.1309 22.97 -0.706
192.0898 65.7405 0.0774 36.36 -0.758
229.5233 22.0170 0.1039 14.84 -0.772
241.7205 52.6638 0.2104 57.09 -0.514
174.8750 11.2743 0.1901 15.38 -0.643
151.3967 69.2266 0.0718 20.33 -0.891
144.0869 -7.9384 0.1579 14.29 -0.728
133.0861 38.2823 0.2101 22.36 -0.550
109.8001 42.7605 0.0164 8.37 -0.779
158.2162 45.0436 0.1935 15.22 -0.862
145.9421 -0.3690 0.0970 11.58 -0.597
264.2910 65.0824 0.1956 21.40 -0.658
194.8105 4.4947 0.0889 32.88 -0.672
159.0371 39.8203 0.0198 27.63 -0.879
198.6795 7.8141 0.1538 6.11 -0.844
123.6634 14.5773 0.1708 55.52 -0.651
175.4874 33.7167 0.0777 23.18 -0.817
206.4598 23.3755 0.2011 13.56 -0.698
183.1126 2.8180 0.0171 21.63 -0.682
168.3024 3.6749 0.1447 21.84 -0.787
268.9542 23.4516 0.0531 14.33 -0.521
249.6535 50.5826 0.0979 22.08 -0.563
205.9790 61.8372 0.1538 14.76 -0.611
196.7942 -3.2698 0.0812 16.34 -0.869
205.5123 21.4483 0.1192 14.19 -0.858
134.2231 -1.9804 0.2305 9.77 -0.703
167.1734 -8.6726 0.1038 21.51 -0.836
106.7081 42.9375 0.2169 26.80 -0.509
180.8428 38.1960 0.0596 25.87 -0.837
192.3142 3.0415 0.1924 30.14 -0.705
138.7175 8.7050 0.2653 23.52 -0.754
263.8849 -8.1034 0.0477 15.32 -0.644
254.6073 56.7958 0.0862 30.43 -0.848
222.7644 67.9752 0.1962 10.14 -0.728
190.6757 0.8368 0.1338 12.75 -0.790
247.8948 8.5180 0.1797 12.35 -0.545
122.2109 59.4728 0.1017 34.32 -0.884
234.3867 64.1171 0.1569 32.04 -0.535
121.2195 23.5702 0.1375 25.52 -0.567
235.0158 -5.9502 0.2434 34.18 -0.781
146.8805 -6.8487 0.1704 12.89 -0.584
249.1054 35.9160 0.1770 23.81 -0.888
260.4872 21.4316 0.1170 18.79 -0.513
125.2953 -7.7078 0.1110 30.54 -0.689
178.6549 36.6602 0.1154 18.88 -0.779
266.7679 -9.0958 0.1816 16.50 -0.755
182.1793 52.9898 0.1163 26.21 -0.873
246.8031 14.5146 0.1732 30.99 -0.504
200.0844 -6.7794 0.3160 14.32 -0.884
163.8061 37.0682 0.2197 19.40 -0.638
148.5832 21.8148 0.1239 11.78 -0.723
134.5479 67.9040 0.2461 5.74 -0.520
229.5057 33.5359 0.1174 22.11 -0.802
165.7119 12.0191 0.0130 27.12 -0.687
186.9168 46.7551 0.0694 22.80 -0.707
183.6953 11.7194 0.1219 7.55 -0.619
198.1374 62.3395 0.1515 16.78 -0.873
247.1481 19.9778 0.2841 6.60 -0.822
266.7257 33.9895 0.1762 39.67 -0.814
169.2893 -5.9542 0.1325 11.62 -0.605
240.6782 24.0897 0.2164 37.47 -0.824
229.9697 56.5891 0.0269 32.09 -0.671
197.4999 54.4519 0.1688 12.75 -0.814
262.5280 7.9455 0.2117 11.35 -0.555
134.0807 8.0863 0.0317 23.83 -0.523
118.5749 55.3844 0.2415 13.11 -0.693
245.1735 64.4319 0.1771 21.05 -0.759
174.6555 -2.3711 0.1168 15.71 -0.806
243.9847 26.0047 0.2006 8.21 -0.880
251.8253 16.9963 0.3317 6.56 -0.793
110.6178 59.6551 0.1645 22.40 -0.638
250.1890 -3.3180 0.1699 15.10 -0.687
176.2142 6.8901 0.1133 15.17 -0.522
186.7735 50.1975 0.0820 28.32 -0.741
206.5207 -5.8965 0.2164 35.96 -0.622
257.4850 29.4028 0.0815 17.45 -0.704
103.2497 25.3686 0.1557 16.87 -0.695
181.0634 16.7521 0.1118 25.68 -0.793
216.9127 21.5658 0.1883 10.15 -0.718
222.8602 32.3952 0.1767 22.36 -0.712
217.7305 2.9094 0.2330 26.36 -0.617
122.8540 35.7597 0.1092 28.10 -0.524
150.8973 54.4346 0.1284 7.59 -0.768
160.9816 50.8129 0.0717 13.67 -0.883
236.7543 2.3120 0.1145 12.89 -0.701
147.3892 1.9400 0.1802 21.02 -0.682
135.8198 11.4539 0.2106 25.43 -0.833
262.7662 18.8860 0.0762 42.27 -0.596
101.5068 22.6764 0.2196 15.62 -0.506
269.6295 44.3758 0.2585 15.59 -0.522
215.0596 -5.4656 0.1831 35.54 -0.821
240.8398 -7.2262 0.3001 23.20 -0.550
150.0853 21.3528 0.0881 37.70 -0.618
102.4336 45.7731 0.0504 23.11 -0.718
225.4378 5.4748 0.2697 11.21 -0.684
241.8046 41.3204 0.2023 10.27 -0.560
225.8809 10.7863 0.1456 9.21 -0.708
124.2845 60.8869 0.1724 27.85 -0.751
228.0827 61.6552 0.0600 36.24 -0.703
230.7169 13.7830 0.3457 50.42 -0.668
211.9519 8.3995 0.1603 30.49 -0.824
230.2397 22.9043 0.1588 35.77 -0.540
243.8066 9.2425 0.2081 14.97 -0.630
204.3127 43.7907 0.1885 11.22 -0.647
115.0628 56.0852 0.1679 30.59 -0.860
182.8967 43.8474 0.0868 24.64 -0.658
113.2004 55.9480 0.1877 21.10 -0.852
169.2823 21.7594 0.3006 24.27 -0.869
169.2081 2.5054 0.2576 23.51 -0.689
111.2217 49.0361 0.2775 38.00 -0.739
159.2995 18.8380 0.1091 38.21 -0.664
118.8697 43.7017 0.0708 26.25 -0.864
237.4000 11.6515 0.1399 30.53 -0.728
261.1070 -3.5016 0.1545 25.86 -0.830
112.2938 69.4065 0.2375 15.88 -0.505
262.3696 2.4961 0.0146 29.20 -0.676
188.8380 69.0737 0.2724 9.96 -0.625
150.9262 68.1824 0.1374 33.88 -0.770
113.0666 53.5054 0.1158 11.01 -0.862
185.1061 42.7538 0.0690 23.07 -0.510
235.0676 36.2246 0.0176 13.11 -0.785
220.2047 59.2881 0.2159 26.38 -0.730
108.5384 13.1552 0.1559 19.66 -0.640
112.3933 27.4145 0.0468 9.01 -0.890
168.4885 39.5512 0.0464 24.68 -0.576
150.1994 22.8952 0.1231 14.98 -0.685
139.5053 24.1989 0.2835 31.07 -0.789
147.7708 16.4228 0.1292 20.01 -0.875
236.5921 35.1385 0.0297 24.37 -0.835
257.9688 58.0460 0.1303 12.39 -0.542
168.8675 6.1223 0.1282 14.90 -0.626
254.0389 64.7546 0.0658 15.90 -0.800
154.6543 45.1270 0.1457 30.69 -0.874
180.9943 55.8619 0.1315 46.27 -0.624
138.4249 34.4953 0.2057 13.37 -0.671
208.8809 52.3613 0.2979 34.27 -0.738
266.4268 -8.7040 0.2401 6.76 -0.755
202.5938 55.4704 0.1285 11.01 -0.813
160.8284 -6.7889 0.0615 12.38 -0.632
210.1290 61.1931 0.3559 10.17 -0.512
120.8965 69.3570 0.1547 9.06 -0.830
251.0720 13.5254 0.1511 24.59 -0.661
185.5243 6.8255 0.1481 17.97 -0.730
176.3895 51.2291 0.1658 24.18 -0.721
199.5970 10.2421 0.1385 28.25 -0.798
206.2133 59.2450 0.1041 22.84 -0.570
112.2019 -1.7726 0.1063 27.79 -0.706
216.0449 0.0764 0.1474 19.32 -0.683
141.1284 68.3321 0.1065 11.05 -0.778
221.3719 43.9071 0.0930 33.94 -0.827
239.8309 57.7510 0.1585 14.90 -0.866
236.6729 15.9464 0.1296 12.53 -0.614
193.9252 44.1187 0.2703 18.30 -0.822
188.4289 37.5393 0.0621 12.67 -0.624
124.2889 38.2520 0.2373 16.23 -0.744
231.8088 44.6026 0.2497 23.75 -0.734
146.1396 36.0287 0.0159 23.81 -0.712
184.4382 24.3250 0.1226 12.77 -0.753
148.3266 12.0738 0.1203 15.67 -0.860
122.7508 51.4865 0.0374 34.22 -0.776
207.0248 8.1018 0.0878 25.63 -0.635
109.2364 45.3883 0.0612 56.44 -0.634
227.2697 8.6666 0.2902 36.08 -0.786
153.9898 40.0264 0.2249 35.44 -0.716
100.0229 49.7663 0.2517 9.99 -0.823
186.8920 7.4971 0.2077 29.30 -0.816
107.9648 -5.2045 0.0597 19.48 -0.891
146.9488 0.4779 0.1080 15.18 -0.541
220.1860 38.4798 0.1891 21.75 -0.816
110.6572 57.9557 0.0522 32.08 -0.809
242.6875 -6.4003 0.2070 25.69 -0.788
100.6494 48.7321 0.1308 12.89 -0.849
141.9601 17.3055 0.1200 28.99 -0.644
225.9537 28.2823 0.2069 14.54 -0.870
153.7659 64.3088 0.1855 22.29 -0.846
117.3217 16.5577 0.1211 17.19 -0.642
161.2398 27.2270 0.2427 17.93 -0.764
145.9669 -8.9054 0.0635 29.34 -0.617
243.2610 -3.4721 0.1993 11.89 -0.677
153.2691 10.6873 0.1974 52.90 -0.798
234.1185 -7.7718 0.1252 8.05 -0.640
251.6183 40.5100 0.1761 14.83 -0.853
173.7490 24.1119 0.0499 24.07 -0.685
254.6903 33.8516 0.2239 26.79 -0.725
164.1441 3.9718 0.1352 19.02 -0.793
263.8933 13.6746 0.1082 19.43 -0.658
115.1792 43.1060 0.2339 24.56 -0.551
216.7933 67.2242 0.0937 17.82 -0.500
183.9484 -5.9667 0.0373 40.14 -0.657
165.9003 61.2307 0.0255 30.43 -0.738
207.5610 36.1505 0.1985 30.94 -0.810
219.6557 35.1136 0.0476 12.34 -0.797
100.7418 30.0223 0.2904 19.22 -0.708
128.3820 -4.4485 0.0166 17.21 -0.753
221.2178 -2.8099 0.2857 12.10 -0.534
213.2855 38.0730 0.1669 23.95 -0.753
264.2281 17.2767 0.1423 15.29 -0.751
229.3764 63.3814 0.1064 27.76 -0.747
261.6314 22.5272 0.1819 11.71 -0.565
219.4319 1.4625 0.1470 47.24 -0.640
150.6689 47.1775 0.2383 12.78 -0.654
117.9120 13.4683 0.1591 22.32 -0.766
232.9101 32.0376 0.1620 29.72 -0.573
209.5054 45.8266 0.1209 15.04 -0.885
108.1916 62.0211 0.1454 30.63 -0.552
161.2086 53.3753 0.1746 10.82 -0.695
262.6560 44.1089 0.0132 41.34 -0.741
185.0682 44.3707 0.0421 20.14 -0.701
173.5640 65.6740 0.2095 14.84 -0.633
177.8089 13.6659 0.1637 17.22 -0.895
135.5101 -9.9110 0.1353 29.97 -0.551
162.6802 11.7564 0.1515 14.93 -0.721
162.8683 7.4313 0.1778 13.75 -0.763
108.9004 42.9468 0.1068 17.90 -0.845
230.4865 40.6969 0.0877 11.10 -0.724
170.8058 37.4769 0.1657 49.70 -0.701
239.7706 -8.7005 0.0717 15.07 -0.739
244.5592 48.3022 0.1827 30.31 -0.629
136.0390 15.8824 0.0138 22.21 -0.732
211.7501 43.2045 0.2323 12.22 -0.515
180.2879 34.5263 0.1878 19.94 -0.660
249.6266 17.4185 0.1705 29.60 -0.577
136.6759 0.7661 0.2286 18.20 -0.856
215.2282 -2.4465 0.2832 36.32 -0.741
203.3179 56.5215 0.2311 33.33 -0.765
150.2013 63.4718 0.0476 31.66 -0.672
123.2222 41.9830 0.1000 15.89 -0.556
210.7788 -1.7253 0.1521 11.66 -0.869
225.5616 22.1622 0.1914 14.72 -0.871
153.6566 48.3151 0.0919 22.06 -0.560
209.6215 52.3857 0.1649 26.28 -0.815
167.1723 -0.5425 0.0896 6.75 -0.632
221.2452 -9.9975 0.1011 19.92 -0.683
133.8666 46.9710 0.0375 21.65 -0.567
251.3366 18.5277 0.0761 17.41 -0.850
148.8596 10.3585 0.0419 38.14 -0.848
162.5236 -8.9682 0.0719 24.70 -0.677
109.8756 33.2240 0.2343 38.51 -0.521
118.9571 58.0921 0.0740 17.95 -0.734
187.6965 66.6105 0.3606 31.96 -0.769
145.4908 35.2596 0.1895 45.30 -0.657
242.0316 31.1569 0.1648 38.54 -0.528
102.4979 -3.1955 0.0813 11.58 -0.565
164.4460 33.9098 0.2060 17.62 -0.502
157.3487 20.3983 0.1039 16.83 -0.891
103.2857 38.5708 0.1598 25.54 -0.855
121.1426 21.0981 0.3548 28.19 -0.656
170.3193 9.2239 0.1423 13.15 -0.572
183.7870 -2.4028 0.2419 20.69 -0.786
168.7293 15.1935 0.0937 7.28 -0.804
190.2594 -2.2684 0.1472 41.13 -0.585
201.1724 4.1518 0.2917 15.48 -0.877
101.6870 68.9869 0.0998 20.57 -0.752
178.8962 25.5283 0.2950 17.13 -0.698
263.7949 32.5497 0.2066 35.47 -0.676
188.2355 59.8895 0.1050 5.00 -0.609
215.1822 69.6455 0.2006 19.83 -0.758
153.0169 36.6172 0.2278 18.97 -0.655
231.5785 54.9979 0.1997 15.94 -0.666
231.3967 16.1553 0.0244 47.41 -0.681
188.6203 14.4595 0.0918 12.83 -0.644
265.9223 22.2163 0.1302 29.42 -0.796
121.3435 43.8006 0.1440 23.90 -0.866
102.8811 44.5753 0.1997 37.58 -0.852
230.9269 15.2192 0.1642 14.33 -0.810
237.2164 0.6568 0.0432 13.86 -0.700
120.4352 40.5917 0.1804 34.60 -0.564
145.1491 0.2661 0.1988 24.74 -0.619
102.9839 36.2794 0.1948 9.24 -0.584
149.8625 45.4738 0.2365 15.27 -0.760
231.4341 46.0489 0.2167 24.26 -0.738
188.0533 50.2778 0.1867 30.41 -0.743
159.1763 59.8288 0.1444 14.24 -0.823
163.1957 29.9967 0.0171 5.00 -0.876
100.2301 48.4199 0.1844 25.98 -0.664
150.9661 39.5338 0.1666 10.87 -0.504
209.8980 4.9312 0.1717 7.29 -0.833
265.6131 -7.9448 0.0479 5.00 -0.881
244.0003 12.7633 0.0635 30.05 -0.588
104.0111 25.4427 0.2343 21.33 -0.799
252.7553 39.3685 0.1468 17.87 -0.568
233.1437 57.9967 0.2045 40.05 -0.618
232.6639 5.6997 0.1523 27.51 -0.522
177.8593 0.0440 0.1524 44.88 -0.736
167.6609 67.0784 0.2251 9.97 -0.635
151.4957 -1.3564 0.1087 19.66 -0.714
111.1681 28.2793 0.1577 8.91 -0.648
138.8000 36.8451 0.1130 17.83 -0.720
141.9226 33.3100 0.1152 17.66 -0.825
182.2931 -3.1174 0.1253 27.36 -0.697
227.0655 -5.4378 0.1678 20.46 -0.689
180.5477 -1.5613 0.1117 27.31 -0.576
109.8336 36.8470 0.2505 28.43 -0.606
262.8243 33.5476 0.0784 58.74 -0.634
260.2631 8.6993 0.1351 17.08 -0.855
233.4822 41.0219 0.1148 12.49 -0.612
268.5257 55.6054 0.2658 22.62 -0.700
192.5620 -6.6737 0.1657 13.39 -0.542
263.6706 29.8504 0.2325 41.96 -0.532
112.8529 45.1448 0.0312 17.36 -0.878
162.1657 10.1850 0.1714 15.07 -0.572
138.3148 14.6217 0.2212 15.80 -0.885
133.2916 39.0910 0.1566 28.64 -0.753
123.9365 61.8348 0.2352 18.48 -0.683
205.8103 54.7940 0.1086 14.51 -0.841
232.8247 36.6504 0.2627 45.99 -0.601
198.3107 48.4177 0.3339 13.04 -0.897
124.9837 19.1858 0.1210 20.36 -0.833
237.8910 41.2772 0.1144 27.71 -0.668
208.1123 27.2945 0.2663 8.85 -0.614
165.9882 5.1949 0.2764 25.43 -0.533
214.6022 46.1391 0.1082 11.80 -0.618
144.1838 34.5172 0.1164 30.18 -0.631
158.6827 18.6897 0.1275 12.36 -0.742
255.9726 62.9071 0.0424 28.28 -0.899
149.3858 -8.3253 0.0765 34.77 -0.852
179.8980 15.2619 0.0697 30.77 -0.686
251.3240 -5.4495 0.0886 22.68 -0.630
220.3126 51.3222 0.1472 17.82 -0.733
110.5745 46.1686 0.1687 14.99 -0.608
125.0415 16.5082 0.2740 41.73 -0.691
101.3331 44.0530 0.0701 14.10 -0.870
207.2567 21.6750 0.2287 11.91 -0.823
176.1045 50.5003 0.1329 27.89 -0.564
122.8267 26.3347 0.1460 13.43 -0.610
262.8488 22.9824 0.2040 12.44 -0.542
190.0422 64.7784 0.0602 9.72 -0.853
141.1219 10.0703 0.1806 15.71 -0.504
185.1026 -0.3642 0.1633 19.19 -0.816
215.5355 36.7634 0.1894 22.58 -0.895
112.9607 67.5457 0.1731 32.18 -0.501
146.6996 20.2271 0.3464 26.03 -0.788
237.1841 -5.0371 0.0990 18.18 -0.633
178.1430 17.1444 0.1075 18.11 -0.829
192.9181 30.4745 0.1001 25.81 -0.668
173.5787 2.9538 0.1056 37.79 -0.538
107.4630 42.6482 0.0990 21.30 -0.772
128.1775 69.8200 0.2451 15.82 -0.632
175.7421 26.1392 0.2636 12.17 -0.825
135.5615 18.3783 0.1043 9.71 -0.650
108.4964 22.0563 0.0834 27.91 -0.765
243.4204 -0.7883 0.1877 26.70 -0.816
266.8027 60.6619 0.1058 26.69 -0.775
234.8343 23.1861 0.2006 18.75 -0.828
245.1434 20.9820 0.1662 40.41 -0.539
141.1361 42.7752 0.0287 15.70 -0.741
263.3066 25.3627 0.2738 32.25 -0.802
133.4774 41.8587 0.2937 19.62 -0.721
261.7431 -5.0843 0.1010 14.75 -0.772
269.1193 55.0979 0.1190 26.90 -0.602
220.9929 65.2403 0.1729 24.55 -0.512
266.7944 41.9012 0.1768 23.91 -0.725
196.8218 66.3653 0.2027 20.83 -0.556
144.1221 2.1146 0.3108 19.62 -0.674
174.2893 28.1933 0.1358 66.02 -0.837
200.9054 38.1445 0.0861 36.16 -0.624
112.4239 36.5389 0.0397 28.71 -0.695
205.7984 22.1169 0.0915 21.15 -0.640
266.8002 17.0468 0.1473 33.09 -0.544
132.3183 0.1459 0.2936 25.91 -0.724
234.7412 21.3394 0.1086 20.26 -0.540
254.3428 3.0129 0.1679 17.18 -0.600
260.4293 48.7493 0.1487 19.21 -0.705
263.2231 6.7065 0.2451 5.00 -0.659
188.6481 -5.3148 0.3522 22.22 -0.770
266.1423 34.1893 0.1075 15.67 -0.507
228.7427 37.6184 0.1108 44.35 -0.633
127.4841 59.7530 0.2335 20.19 -0.882
181.0730 36.1585 0.2046 11.04 -0.769
222.1163 17.6385 0.2977 19.51 -0.651
142.0479 54.2410 0.1967 11.85 -0.877
208.9046 33.2223 0.1213 25.34 -0.890
213.3221 -3.6576 0.1973 23.13 -0.720
127.6590 35.2680 0.2387 32.29 -0.767
196.0645 62.6415 0.2156 13.47 -0.725
231.1766 21.7050 0.1906 20.34 -0.795
184.8123 13.7061 0.2353 10.11 -0.834
102.0575 1.4776 0.2435 28.40 -0.624
101.5365 2.1156 0.2606 25.92 -0.694
160.6950 24.6217 0.2019 25.63 -0.820
257.4530 37.6544 0.1366 20.02 -0.772
138.8751 -3.5508 0.1617 24.61 -0.663
207.8418 65.1655 0.2465 44.61 -0.871
137.7529 50.4107 0.0846 17.34 -0.841
154.6839 36.9299 0.1795 21.44 -0.871
244.1672 56.2751 0.1185 11.62 -0.575
223.9064 -3.5851 0.1523 12.96 -0.599
116.2179 28.1471 0.2523 21.00 -0.599
172.8793 40.4075 0.1653 34.73 -0.613
104.9589 56.2922 0.1537 17.59 -0.632
181.7513 52.6776 0.0412 17.77 -0.709
212.6138 12.1655 0.2097 16.32 -0.643
120.1454 65.2704 0.2016 15.31 -0.885
149.1104 -0.0523 0.3231 23.18 -0.651
167.6322 60.0107 0.1254 9.46 -0.589
256.3203 67.6752 0.1675 37.95 -0.700
268.8534 4.1723 0.1700 14.34 -0.757
107.6349 47.7653 0.2762 28.69 -0.789
229.3713 -6.7772 0.1424 10.60 -0.643
163.1931 22.4338 0.1723 27.94 -0.623
166.7179 31.3027 0.1986 27.99 -0.552
228.2250 36.4516 0.1649 24.24 -0.763
256.1325 64.8750 0.1143 12.16 -0.592
261.6579 43.7801 0.1655 22.66 -0.675
198.1108 28.5022 0.2359 11.07 -0.547
160.7106 54.7740 0.0679 17.63 -0.689
233.8833 66.0426 0.1606 33.46 -0.693
142.6702 -8.2347 0.0940 29.79 -0.669
195.8926 68.6017 0.2456 20.15 -0.600
160.9583 -3.1094 0.0281 12.28 -0.514
211.6273 55.1509 0.1053 27.62 -0.871
140.8678 12.4268 0.1802 20.19 -0.879
132.5708 0.5744 0.2752 6.27 -0.525
256.1006 25.1885 0.1447 29.58 -0.688
117.3066 41.5165 0.1056 19.76 -0.654
186.0128 20.4761 0.3005 36.49 -0.707
137.5450 -5.6348 0.0342 11.57 -0.863
106.6181 37.9569 0.0259 5.00 -0.593
106.1232 62.1923 0.1852 22.99 -0.601
129.7877 20.6572 0.1098 23.14 -0.775
247.3510 7.3066 0.0683 8.59 -0.778
148.0214 25.4062 0.2067 12.26 -0.565
261.5781 -6.1310 0.1695 79.31 -0.871
198.8758 55.6390 0.1049 17.17 -0.548
174.2244 56.1073 0.0476 28.82 -0.797
198.6151 37.0400 0.2198 14.45 -0.663
187.8387 18.2482 0.2020 7.03 -0.526
228.9920 53.9827 0.1421 18.37 -0.629
148.0243 34.3750 0.2977 17.51 -0.734
160.0186 56.0746 0.0644 16.38 -0.624
251.9960 40.5167 0.0280 18.89 -0.762
260.8976 52.7524 0.0946 22.83 -0.789
251.7349 37.8850 0.1464 18.55 -0.501
171.3062 23.1313 0.1695 10.63 -0.600
232.6621 66.6357 0.1307 25.50 -0.642
180.9771 33.2891 0.1782 7.55 -0.758
184.5818 38.4072 0.0499 7.17 -0.880
134.7956 7.6390 0.2655 28.94 -0.888
200.4922 40.0521 0.1434 25.77 -0.678
131.6431 35.7286 0.2394 19.43 -0.595
156.3660 4.7871 0.1774 9.95 -0.685
245.3551 -5.2330 0.1865 14.04 -0.564
135.2029 38.3487 0.1956 17.54 -0.887
112.0969 51.0954 0.1858 9.01 -0.753
111.7313 31.8721 0.2014 13.82 -0.805
259.9334 8.1418 0.2563 27.71 -0.721
186.1765 43.3218 0.1657 40.83 -0.871
169.6001 -3.5915 0.2067 16.22 -0.518
237.8494 25.3467 0.1428 29.19 -0.811
242.0904 3.0693 0.2652 7.68 -0.531
156.4725 4.7567 0.0959 27.81 -0.730
217.9151 6.1835 0.2941 13.38 -0.506
231.0909 20.9366 0.1468 23.32 -0.678
211.2906 -5.9080 0.0355 17.67 -0.528
125.7712 21.8235 0.1602 38.70 -0.898
248.9001 30.9366 0.0955 12.92 -0.601
191.6461 28.6635 0.2173 27.37 -0.539
148.0203 20.6227 0.0978 17.39 -0.844
172.2888 57.1317 0.1143 18.48 -0.862
106.3871 1.6261 0.1138 18.24 -0.730
121.7374 30.4557 0.0439 13.10 -0.527
230.1429 -5.0367 0.0233 19.86 -0.683
100.0020 -4.3075 0.2108 19.38 -0.689
170.8162 35.9093 0.2129 22.56 -0.844
188.8267 35.2815 0.1840 20.86 -0.900
109.2879 60.2427 0.0726 29.81 -0.576
265.4233 34.6299 0.1462 31.74 -0.865
138.4413 66.7833 0.1497 11.83 -0.646
151.7138 -6.1044 0.0573 30.88 -0.534
151.6702 -2.1594 0.2703 11.05 -0.817
139.1708 -6.4747 0.2202 26.83 -0.634
100.2505 4.8221 0.1323 27.26 -0.869
223.9886 33.3016 0.1522 7.69 -0.658
264.3637 41.6458 0.1667 20.95 -0.834
138.1299 -6.3532 0.0133 15.82 -0.606
212.7180 65.6777 0.1302 13.69 -0.780
226.1224 57.3732 0.0954 39.30 -0.715
244.2323 13.7290 0.0699 14.42 -0.660
171.8470 -3.8250 0.1275 13.36 -0.831
151.4983 3.5910 0.2938 20.77 -0.603
155.3002 0.1556 0.2013 28.18 -0.779
221.1456 -0.1373 0.1043 18.63 -0.635
238.8525 31.4849 0.1958 35.83 -0.837
130.8744 9.6678 0.2619 26.08 -0.625
163.0600 18.6512 0.2240 6.73 -0.849
253.3298 69.1604 0.1548 15.35 -0.730
237.1379 44.7451 0.0982 15.10 -0.801
267.4259 65.9185 0.2059 25.42 -0.601
228.2222 1.4045 0.1815 5.38 -0.795
166.8432 20.5712 0.2216 71.54 -0.547
200.4084 34.3785 0.2008 26.08 -0.543
212.3724 -3.8594 0.2340 21.55 -0.821
113.3375 -9.6650 0.1072 36.11 -0.654
192.5645 43.6347 0.2554 64.56 -0.865
220.5845 41.3456 0.1658 30.91 -0.743
128.4446 22.8631 0.3160 32.14 -0.615
232.7074 29.1715 0.0949 21.35 -0.636
199.2414 23.2354 0.2889 18.63 -0.650
261.8777 -8.0796 0.1658 15.77 -0.787
107.2118 16.8297 0.0979 13.23 -0.749
145.1054 4.1666 0.1113 14.19 -0.859
202.2642 -2.1261 0.1244 10.18 -0.612
150.4152 66.5376 0.1839 19.26 -0.698
221.4521 37.9488 0.1918 8.61 -0.616
229.0309 48.2925 0.1041 22.00 -0.800
117.4277 15.2291 0.1481 19.64 -0.770
187.3553 21.4518 0.3214 21.52 -0.766
186.5114 8.9539 0.2882 15.40 -0.890
162.7777 -2.2427 0.1849 93.15 -0.764
258.5972 4.3225 0.1530 39.48 -0.579
240.6761 53.8011 0.1596 10.73 -0.541
218.5256 44.2037 0.1991 22.47 -0.693
221.4355 33.7543 0.0682 14.76 -0.718
178.4917 28.0072 0.1294 12.04 -0.888
256.5691 63.7947 0.0165 10.23 -0.548
218.0812 -4.1812 0.1819 24.82 -0.895
223.9268 12.4481 0.2018 14.23 -0.522
246.4875 17.9950 0.1113 32.45 -0.704
146.5922 52.5941 0.2759 32.87 -0.763
237.2021 69.4012 0.0519 39.75 -0.530
133.1909 9.2536 0.0329 13.06 -0.890
158.7081 59.9446 0.1680 25.37 -0.667
157.0538 56.4498 0.2338 27.44 -0.680
266.3493 7.9726 0.2847 15.78 -0.812
245.6113 21.9466 0.1133 13.60 -0.728
219.1989 22.7738 0.2363 44.72 -0.639
223.5996 68.2577 0.1469 22.41 -0.609
195.5524 4.4714 0.1362 27.49 -0.900
261.0054 53.9326 0.2207 13.26 -0.525
184.3640 16.7354 0.2022 10.87 -0.834
164.6880 48.4696 0.0239 15.04 -0.807
127.7160 23.6009 0.2681 18.80 -0.795
233.6550 36.2688 0.2604 11.75 -0.885
224.8555 56.6089 0.1000 19.90 -0.851
165.3404 54.3332 0.1817 8.60 -0.505
104.2829 59.3139 0.1895 11.42 -0.774
242.6295 -5.2306 0.1709 27.97 -0.854
101.9411 45.3640 0.1060 27.05 -0.857
219.6290 1.1990 0.0963 16.44 -0.612
264.9437 23.2655 0.1480 12.02 -0.558
174.4024 33.8871 0.2438 11.97 -0.797
139.9455 22.2192 0.1935 16.59 -0.892
219.8281 31.5689 0.1204 27.60 -0.811
238.9118 69.7221 0.2117 31.81 -0.877
192.8932 0.8174 0.0779 15.60 -0.859
264.3960 44.0365 0.2419 11.23 -0.727
108.7837 21.6801 0.0108 22.87 -0.808
185.8153 0.6408 0.1210 13.25 -0.694
222.1372 2.6989 0.0604 15.43 -0.799
246.6489 65.9418 0.0464 38.80 -0.524
130.4735 60.3681 0.2429 30.24 -0.538
236.0006 62.5634 0.1126 21.64 -0.673
193.9602 69.3226 0.1777 10.59 -0.758
167.4141 6.6652 0.1462 22.23 -0.748
122.3916 18.4351 0.1882 34.02 -0.735
247.1003 43.5375 0.1561 16.58 -0.609
126.7364 28.7042 0.0474 39.30 -0.719
152.6639 23.4712 0.2297 38.17 -0.557
149.3077 18.6249 0.1105 45.95 -0.522
248.1404 37.5025 0.0255 23.30 -0.766
214.3595 36.0475 0.1158 26.83 -0.676
235.4358 2.9166 0.2701 40.56 -0.862
142.5795 27.7392 0.2180 25.01 -0.820
206.2286 34.2777 0.1221 15.57 -0.735
197.1968 35.6230 0.1221 15.98 -0.818
241.5812 6.8086 0.1243 22.53 -0.549
254.0348 49.3817 0.3161 10.49 -0.837
102.0667 -7.9841 0.1806 18.62 -0.718
214.5834 18.3865 0.1844 34.61 -0.658
108.8121 52.4170 0.2324 6.69 -0.623
193.3060 35.1114 0.1691 43.08 -0.747
148.8976 10.8930 0.1293 35.06 -0.552
152.1520 45.5962 0.1343 15.89 -0.673
160.0029 35.3913 0.1443 26.24 -0.724
205.6197 53.6995 0.1470 20.03 -0.873
156.7885 48.8020 0.2082 36.99 -0.714
224.5588 38.8086 0.1542 32.69 -0.572
168.7697 29.0542 0.2086 9.93 -0.654
111.6200 0.6546 0.1435 26.83 -0.567
233.2392 10.9066 0.1563 18.05 -0.702
148.5789 23.5280 0.2233 20.85 -0.853
173.5704 37.9439 0.1777 13.90 -0.895
216.5255 31.0966 0.2298 47.93 -0.779
156.5175 13.0548 0.0817 33.64 -0.621
109.6196 -9.4829 0.3171 13.82 -0.584
163.5666 29.6991 0.1388 10.26 -0.782
260.5563 12.8501 0.2387 16.49 -0.702
209.0948 48.7687 0.0668 24.85 -0.732
214.1515 -8.0843 0.1990 22.55 -0.736
207.4880 36.7862 0.0657 37.42 -0.807
133.8287 65.3179 0.1001 29.69 -0.845
171.1168 3.9527 0.3031 32.48 -0.821
227.6598 27.7320 0.1347 23.55 -0.878
117.2334 -2.6862 0.1674 9.98 -0.821
147.2350 40.0546 0.2196 18.14 -0.896
146.9742 34.0425 0.1897 33.98 -0.649
173.4432 22.5892 0.1620 19.49 -0.773
266.6627 31.7102 0.1792 25.72 -0.511
111.4754 61.7260 0.3423 17.05 -0.823
188.1792 5.7035 0.1454 11.95 -0.762
130.4920 -8.1948 0.1661 18.80 -0.757
265.0150 58.9332 0.2341 23.34 -0.897
119.2616 36.1694 0.2384 14.41 -0.564
168.6122 61.2527 0.2450 17.78 -0.887
225.4404 37.7556 0.2011 12.50 -0.524
219.7743 54.8129 0.0586 35.00 -0.543
171.8639 24.3739 0.2807 17.26 -0.686
158.9091 49.9888 0.0583 41.35 -0.683
167.5941 63.0433 0.1742 42.95 -0.638
144.9270 35.7698 0.0897 19.21 -0.745
134.9066 4.4628 0.1449 12.08 -0.641
182.1167 11.5038 0.1763 7.05 -0.882
145.6507 5.8916 0.1757 9.58 -0.878
148.8685 9.7486 0.1838 10.06 -0.717
211.6485 14.5132 0.2791 39.84 -0.680
264.6513 34.4107 0.1863 21.19 -0.545
202.6183 37.0393 0.1305 24.30 -0.858
113.0865 24.1200 0.2271 6.59 -0.571
112.8492 39.2337 0.2452 10.99 -0.816
261.7419 -3.4740 0.0518 31.16 -0.742
150.5394 -2.9769 0.1978 23.08 -0.773
115.6514 3.7464 0.2061 18.58 -0.740
201.8376 31.4462 0.1262 26.53 -0.840
206.0203 7.1196 0.2601 45.31 -0.699
210.2458 12.6628 0.1380 17.91 -0.579
145.4583 22.0250 0.1600 20.71 -0.723
102.5688 54.9493 0.1362 22.02 -0.704
264.0526 -8.8910 0.1512 66.14 -0.560
142.6518 41.9503 0.0623 7.00 -0.618
214.9245 43.5101 0.0348 28.14 -0.704
220.1271 53.8925 0.2776 18.88 -0.797
203.7013 64.6202 0.0822 26.55 -0.546
153.1943 -8.3890 0.0707 14.40 -0.669
146.0864 2.3027 0.0223 19.52 -0.812
201.6036 60.8937 0.0989 28.54 -0.792
247.2363 26.6815 0.0442 94.84 -0.579
260.9447 35.1673 0.2814 29.96 -0.882
118.0040 43.0422 0.2308 13.09 -0.503
126.3209 44.3253 0.0949 16.18 -0.848
260.6052 64.5392 0.3302 15.94 -0.582
225.2110 69.7560 0.2285 8.15 -0.742
250.1090 47.6126 0.1240 16.96 -0.703
134.4475 12.9777 0.0500 28.85 -0.548
199.8896 60.3802 0.3333 10.58 -0.735
219.1937 -6.0623 0.0388 33.78 -0.685
215.6190 8.4865 0.0184 25.52 -0.880
169.3858 61.7909 0.2318 13.85 -0.899
102.6171 10.4953 0.3452 18.63 -0.802
199.0974 7.6521 0.2607 44.47 -0.628
143.0273 1.0500 0.1951 28.86 -0.851
176.5432 58.7289 0.1976 20.09 -0.854
262.7888 30.0047 0.2183 17.76 -0.736
167.8360 43.9915 0.2107 20.78 -0.641
242.7663 9.1253 0.1725 15.48 -0.615
132.0519 50.6432 0.1583 6.98 -0.829
214.3183 50.8004 0.1450 55.52 -0.868
266.0912 15.0078 0.0897 21.62 -0.524
117.3218 22.8546 0.1275 24.41 -0.796
101.4144 6.7752 0.0146 19.43 -0.559
173.7091 68.1249 0.1421 13.85 -0.555
115.7463 41.6482 0.0709 18.22 -0.591
227.2253 64.7635 0.0617 8.99 -0.832
255.4733 14.2708 0.1644 62.44 -0.571
173.7836 52.5513 0.2614 10.79 -0.592
143.9810 51.2687 0.2235 11.94 -0.661
173.8486 45.3325 0.0244 16.05 -0.765
222.9861 67.2511 0.0708 38.08 -0.795
101.5392 21.4844 0.2253 20.15 -0.851
200.2072 0.4574 0.0714 10.78 -0.696
204.2596 43.7367 0.1320 37.45 -0.666
208.4070 48.3448 0.1940 28.82 -0.756
141.1438 36.0048 0.0725 26.18 -0.710
221.3890 6.5454 0.1584 28.61 -0.755
115.5366 30.3565 0.0433 66.22 -0.644
133.8760 14.9752 0.1019 59.64 -0.539
249.1699 24.1973 0.1756 14.19 -0.834
225.5829 41.6175 0.0226 45.05 -0.747
102.3367 49.6172 0.1852 24.22 -0.844
142.2240 8.5780 0.1484 25.67 -0.650
136.4491 22.4260 0.1942 8.58 -0.608
146.0371 11.5329 0.1679 18.37 -0.527
142.0852 5.8905 0.2591 13.32 -0.788
110.6295 52.6710 0.1600 30.26 -0.520
178.0199 62.7402 0.1156 34.17 -0.875
224.5647 19.6186 0.1598 7.09 -0.659
203.1444 50.1023 0.1935 19.78 -0.877
214.3882 61.7596 0.1539 35.05 -0.542
113.7954 57.6899 0.1532 18.22 -0.688
261.7534 4.6251 0.0938 28.80 -0.632
242.5436 66.5034 0.0970 23.84 -0.567
236.8654 20.1341 0.0378 23.73 -0.840
239.9072 17.1393 0.2900 17.46 -0.885
258.5608 -5.0055 0.0505 10.89 -0.548
192.5232 28.8939 0.0946 11.42 -0.774
134.0479 -1.2789 0.0925 28.51 -0.848
204.8532 9.8832 0.2216 20.20 -0.713
226.2899 15.3554 0.1264 18.66 -0.661
225.4460 54.7061 0.2498 16.18 -0.888
188.6463 60.0391 0.0961 17.17 -0.790
111.6380 14.1973 0.1723 33.76 -0.887
163.0892 58.6958 0.0832 16.91 -0.732
256.5303 58.5785 0.3216 10.23 -0.542
199.3563 51.1721 0.0550 29.01 -0.507
191.5164 1.7356 0.1748 18.05 -0.645
145.7051 45.2258 0.2007 20.32 -0.835
162.6363 65.6019 0.1831 44.68 -0.538
252.2088 44.6032 0.1352 19.80 -0.694
213.2987 16.5293 0.1396 23.11 -0.839
233.8558 30.0463 0.1535 11.09 -0.531
177.2387 41.6580 0.1382 17.92 -0.597
207.1420 30.8456 0.2271 27.13 -0.607
142.2252 -0.4038 0.3268 9.19 -0.616
219.9283 14.9651 0.1054 22.11 -0.820
172.6922 54.1917 0.0404 21.03 -0.816
175.2327 58.9134 0.1429 20.42 -0.625
210.3848 0.9840 0.3564 33.59 -0.812
259.1677 66.1909 0.0857 23.64 -0.725
110.8811 16.3058 0.2811 41.88 -0.587
240.2064 42.9851 0.2842 12.17 -0.586
149.7051 50.1460 0.1057 21.41 -0.719
175.4663 54.9557 0.1955 20.86 -0.583
103.7253 65.6600 0.2803 11.72 -0.565
151.1778 15.0336 0.1197 32.26 -0.638
185.4473 58.6805 0.1337 63.95 -0.809
109.5499 0.5350 0.1035 19.83 -0.790
183.4863 46.4033 0.0688 25.75 -0.774
257.6088 49.3582 0.0981 20.86 -0.853
117.9168 44.2179 0.0521 14.00 -0.791
229.9549 10.1852 0.1527 8.05 -0.816
169.6441 59.8435 0.0884 14.05 -0.718
211.3795 3.5087 0.1687 9.97 -0.537
144.2402 -5.7092 0.0255 46.89 -0.858
127.1137 47.3972 0.1765 18.88 -0.612
127.2786 28.0381 0.2167 16.82 -0.625
111.9836 57.9278 0.1799 31.20 -0.862
131.5599 20.6718 0.2482 11.41 -0.531
212.9173 3.4623 0.0532 13.63 -0.673
249.8874 56.9154 0.2838 20.69 -0.755
238.4014 33.9128 0.1835 33.45 -0.597
216.4728 5.1357 0.0936 25.70 -0.797
118.7734 47.6307 0.1455 22.64 -0.623
149.1619 30.8891 0.1947 20.80 -0.884
152.6672 38.3450 0.1561 24.43 -0.564
142.4927 26.8719 0.1931 22.12 -0.721
187.5510 56.2967 0.0763 11.95 -0.645
191.0441 56.3650 0.1635 20.47 -0.812
160.6706 46.7511 0.0369 11.69 -0.629
160.1442 -1.5679 0.1411 20.83 -0.591
240.8545 57.1083 0.0777 15.73 -0.711
234.1798 43.6810 0.0912 71.20 -0.653
152.3253 45.7619 0.2489 19.61 -0.717
255.3440 19.0386 0.2373 9.91 -0.542
261.9786 60.3424 0.1987 18.70 -0.701
155.5462 48.0297 0.0626 25.93 -0.563
160.2522 -0.9928 0.1247 46.17 -0.579
185.9578 22.6222 0.2470 14.89 -0.736
259.9905 60.9104 0.1613 9.07 -0.808
248.9743 -6.2243 0.3355 30.09 -0.738
117.4366 66.9133 0.1815 10.03 -0.570
166.7642 44.3330 0.1654 16.08 -0.809
194.0731 40.5101 0.1253 17.58 -0.690
185.5325 11.6447 0.1607 19.32 -0.578
132.9567 9.9033 0.1378 28.23 -0.759
245.9989 65.3647 0.2066 14.21 -0.643
215.0799 13.8618 0.2265 17.44 -0.802
242.4444 52.0404 0.0871 19.86 -0.856
245.9899 21.4497 0.0435 21.55 -0.582
227.2205 1.1403 0.1906 21.00 -0.860
174.6658 -9.1428 0.0617 24.87 -0.791
203.7929 33.5406 0.0222 30.50 -0.558
127.2621 68.0623 0.1811 24.34 -0.761
214.5197 19.5309 0.3494 25.09 -0.511
130.4731 18.5754 0.1495 9.07 -0.508
217.9714 17.5273 0.2171 20.51 -0.793
139.0317 31.6435 0.1565 25.42 -0.884
119.9837 25.2532 0.1421 28.80 -0.618
128.0984 60.3932 0.2235 14.15 -0.720
100.3387 30.4417 0.1268 14.39 -0.860
222.1857 30.6206 0.1714 15.01 -0.617
224.5082 1.0697 0.1757 26.15 -0.888
187.5387 68.6192 0.0966 33.54 -0.552
127.4317 9.9978 0.2294 16.31 -0.845
114.2042 -4.1309 0.1360 31.49 -0.849
103.2519 43.0517 0.0895 21.27 -0.830
128.1772 37.6293 0.1929 18.79 -0.516
251.4454 23.2117 0.0781 17.99 -0.623
141.0613 23.7754 0.1523 29.05 -0.579
160.2261 52.8051 0.1493 23.54 -0.741
117.9087 5.6570 0.2369 62.40 -0.765
137.8014 55.6203 0.1880 13.06 -0.806
188.2682 41.8998 0.1480 25.91 -0.708
203.3180 23.5176 0.2154 15.35 -0.679
141.7099 26.6423 0.2612 12.95 -0.647
109.8145 10.5318 0.1946 19.89 -0.797
166.4756 50.1691 0.1508 21.42 -0.521
139.8146 31.0300 0.0451 86.04 -0.832
137.3242 15.6684 0.0648 18.24 -0.514
263.1767 37.6840 0.1256 11.37 -0.894
204.7711 69.6588 0.1012 22.93 -0.708
194.6693 24.8210 0.1350 7.09 -0.767
170.6818 63.6553 0.1545 19.10 -0.720
172.9205 17.6013 0.1924 20.16 -0.672
191.9539 -5.6214 0.1444 29.76 -0.726
218.3931 6.3394 0.1889 32.54 -0.734
219.3648 23.4956 0.1552 15.55 -0.607
129.1880 7.5708 0.0749 18.55 -0.626
185.0192 -9.9818 0.1385 13.64 -0.567
170.0329 63.2001 0.0532 11.38 -0.800
247.9896 57.5104 0.1980 23.35 -0.656
207.3412 49.3834 0.2725 10.58 -0.666
190.5257 3.4252 0.2475 16.26 -0.752
119.6171 -0.3709 0.1329 12.16 -0.706
202.9584 -4.5916 0.2693 26.33 -0.774
119.9247 47.9223 0.1619 49.23 -0.843
157.3251 64.3046 0.1230 10.43 -0.814
124.2831 24.4429 0.1009 7.92 -0.858
217.6525 -0.4687 0.1258 18.79 -0.627
135.0629 30.9914 0.1189 20.16 -0.636
166.6161 17.9066 0.1636 22.31 -0.520
252.2647 19.9860 0.1628 16.00 -0.608
134.7338 39.7064 0.1502 18.09 -0.879
186.3269 47.4974 0.1850 24.03 -0.546
171.2762 -1.1517 0.2453 33.65 -0.555
103.0811 -7.1528 0.2260 7.52 -0.723
234.7689 69.5464 0.0312 16.63 -0.666
111.7378 8.6183 0.0543 22.26 -0.510
180.6234 -5.6936 0.2247 12.64 -0.687
195.3153 5.1900 0.0406 47.53 -0.538
206.8325 -6.8834 0.1320 14.56 -0.867
217.0674 21.3449 0.0564 19.59 -0.824
143.0563 54.1921 0.1933 26.41 -0.724
101.6964 17.2996 0.2107 14.88 -0.666
222.9854 25.5347 0.1039 7.94 -0.574
191.0616 44.0469 0.0573 16.14 -0.505
242.1400 30.7115 0.1063 33.46 -0.744
239.6360 58.9157 0.1813 16.90 -0.881
243.3654 59.2829 0.0317 13.10 -0.580
182.4661 -9.2071 0.1647 31.77 -0.658
156.7168 52.2437 0.1488 16.95 -0.821
234.5649 26.8587 0.1963 15.50 -0.702
176.7200 69.1072 0.1596 21.55 -0.603
131.1852 28.6586 0.0722 29.40 -0.592
245.3456 68.9517 0.2457 65.80 -0.700
250.0352 50.3655 0.1373 30.25 -0.778
179.2727 9.8884 0.1478 35.72 -0.511
112.8690 33.0716 0.0753 15.53 -0.635
165.9304 69.3709 0.1145 11.97 -0.737
236.6014 58.6024 0.0792 20.63 -0.788
253.3016 -2.2106 0.1362 21.10 -0.608
134.5904 46.5098 0.2869 11.66 -0.803
111.3855 17.6464 0.0402 18.32 -0.831
249.1496 -9.4414 0.0209 24.42 -0.688
166.1988 22.2785 0.2677 23.95 -0.784
192.0994 8.7804 0.1333 25.74 -0.648
264.5712 55.5095 0.0965 23.13 -0.853
111.3160 16.9864 0.2332 15.52 -0.638
210.2141 56.2019 0.1016 15.47 -0.787
112.5979 -9.9522 0.2961 10.98 -0.900
163.8297 14.6255 0.2042 48.82 -0.849
236.6485 9.2932 0.1110 20.13 -0.527
173.6903 8.6854 0.3226 17.87 -0.553
269.5210 -4.5451 0.1015 12.57 -0.807
195.0401 4.9699 0.2094 86.80 -0.589
154.5976 34.4440 0.1739 11.69 -0.657
137.4189 13.3089 0.2541 16.14 -0.512
159.5885 23.3916 0.2749 24.62 -0.751
163.3307 20.1494 0.1526 27.00 -0.627
111.6813 60.0724 0.0897 32.29 -0.875
162.8276 62.4239 0.1868 49.38 -0.742
178.9205 29.4366 0.0958 25.76 -0.514
222.8654 16.4125 0.3111 11.80 -0.684
211.6440 -1.4559 0.1609 17.59 -0.785
220.4902 66.2722 0.1208 23.33 -0.852
101.4218 -5.1818 0.1648 56.25 -0.619
137.0035 13.8120 0.0422 9.94 -0.642
212.4863 13.8453 0.0723 36.49 -0.750
182.2782 15.6321 0.2460 21.88 -0.520
100.9033 3.1429 0.0974 30.41 -0.891
236.7641 52.6529 0.0662 19.01 -0.779
231.3776 -0.2002 0.1929 13.12 -0.532
193.2313 40.7925 0.2449 29.11 -0.772
111.2988 -0.0923 0.2075 27.74 -0.799
230.3076 -4.3571 0.2297 32.52 -0.686
199.2313 62.7544 0.0895 19.87 -0.570
232.9332 5.2103 0.0363 14.82 -0.859
227.7970 55.7000 0.2701 9.17 -0.523
236.5104 33.5705 0.1242 30.13 -0.582
188.0614 -3.7715 0.1299 24.72 -0.827
123.8552 66.4359 0.2563 12.34 -0.615
214.0968 9.7569 0.1945 15.28 -0.746
205.4805 58.7716 0.1865 15.84 -0.739
226.1830 3.5048 0.3232 9.53 -0.587
128.8798 58.3154 0.0985 13.29 -0.515
133.1458 -8.9417 0.2242 11.35 -0.849
251.3696 30.9424 0.1546 16.27 -0.732
227.4962 51.5554 0.1715 13.82 -0.708
254.3988 64.7836 0.2723 8.87 -0.749
228.9816 62.7362 0.1906 54.98 -0.755
201.5164 55.5700 0.1931 37.41 -0.879
211.2026 61.0553 0.2358 13.55 -0.626
251.1517 5.9376 0.1208 22.92 -0.726
198.3971 12.7347 0.0829 24.64 -0.822
207.5065 13.1175 0.0664 36.28 -0.574
126.6010 20.1643 0.3145 13.28 -0.579
180.5666 21.4657 0.0617 34.53 -0.705
221.7875 33.5644 0.1323 15.21 -0.781
146.0603 2.7904 0.1279 10.26 -0.645
134.3832 45.2997 0.1746 28.73 -0.785
153.3506 3.4053 0.2153 38.13 -0.806
141.0551 14.8247 0.2188 72.94 -0.608
136.5351 30.2676 0.1034 10.98 -0.884
172.2246 53.7152 0.1366 28.37 -0.862
254.3325 49.1575 0.1726 16.29 -0.897
186.2001 41.6427 0.1301 29.59 -0.839
131.9465 2.4619 0.2786 9.59 -0.872
113.0852 33.7636 0.1893 10.64 -0.502
218.3465 -3.0043 0.2088 13.57 -0.784
165.0758 20.1891 0.2030 20.81 -0.840
239.7113 23.0813 0.2439 14.52 -0.804
212.1168 -6.8151 0.1645 27.81 -0.526
235.3610 11.9190 0.0463 33.42 -0.692
146.2308 66.4520 0.1820 26.99 -0.754
217.7010 66.2906 0.0979 44.93 -0.551
144.8905 18.1862 0.1077 24.62 -0.742
259.6416 -6.5520 0.1969 10.88 -0.766
208.1836 4.3276 0.2491 39.54 -0.817
155.1670 21.3774 0.1517 14.78 -0.749
145.8170 65.8224 0.1747 31.53 -0.773
132.4575 1.2959 0.2862 43.93 -0.629
218.0890 51.0813 0.1693 25.13 -0.784
137.1817 -1.3054 0.3581 9.47 -0.669
201.2016 68.5006 0.1952 12.64 -0.874
144.9880 20.5293 0.2103 38.75 -0.823
212.5347 52.0188 0.1805 18.38 -0.737
238.5398 17.4073 0.2532 20.81 -0.525
232.2643 40.2135 0.2039 29.23 -0.749
229.3447 5.3613 0.1389 28.33 -0.634
131.9128 1.6817 0.0521 22.99 -0.798
115.0254 65.0451 0.1333 18.02 -0.849
218.8213 63.4118 0.0820 17.11 -0.877
162.6190 60.9975 0.1036 30.71 -0.778
173.4989 40.0347 0.1971 26.38 -0.837
105.2953 54.6615 0.2836 17.59 -0.830
144.1280 -4.4770 0.1816 34.36 -0.596
105.7250 16.7831 0.0543 18.75 -0.894
249.4616 15.0962 0.1856 13.06 -0.677
141.3774 40.8516 0.2457 13.68 -0.748
194.7473 18.4766 0.1012 12.26 -0.697
106.6265 1.8805 0.1393 17.45 -0.675
213.3641 37.7174 0.1512 37.06 -0.775
154.9146 55.1507 0.0872 13.37 -0.782
252.6463 20.5699 0.2019 21.98 -0.607
250.9801 0.5815 0.1403 14.40 -0.551
155.2994 5.7351 0.1836 17.56 -0.823
253.1634 8.9987 0.0790 9.40 -0.861
269.3468 13.9918 0.1150 17.91 -0.541
240.3207 41.4236 0.2078 18.15 -0.760
243.6281 38.0756 0.1202 26.20 -0.679
142.3315 45.6864 0.2882 22.36 -0.756
198.0394 19.0002 0.1180 10.99 -0.850
111.4335 55.9198 0.1680 34.39 -0.664
116.1360 6.3270 0.2246 22.22 -0.690
269.8117 27.5233 0.0365 22.09 -0.819
155.5287 54.0751 0.0279 19.91 -0.719
227.1913 4.4127 0.2510 15.44 -0.581
237.1331 -1.2110 0.1059 22.30 -0.664
245.8640 60.6947 0.3547 25.37 -0.861
269.5968 17.4344 0.1049 8.35 -0.681
141.0544 44.7096 0.1648 15.28 -0.619
106.8596 -7.9721 0.2734 17.61 -0.583
169.9026 45.2038 0.3105 22.73 -0.648
122.1137 15.2881 0.3149 36.32 -0.839
103.8124 -5.5407 0.2467 13.60 -0.616
161.2726 38.7850 0.2319 15.59 -0.629
233.2355 9.2643 0.1974 15.48 -0.890
